# AF	[2]id	[3]allele frequency	[4]number of SNPs	[5]number of transitions	[6]number of transversions	[7]number of indels	[8]repeat-consistent	[9]repeat-inconsistent	[10]not applicable
AF	0	0.050000	5297731	3518916	1778815	1636493	0	0	1636493
AF	0	0.150000	1026083	686264	339819	385325	0	0	385325
AF	0	0.250000	729080	488485	240595	189822	0	0	189822
AF	0	0.350000	575063	386202	188861	130865	0	0	130865
AF	0	0.450000	466089	313498	152591	101392	0	0	101392
AF	0	0.550000	416611	279700	136911	84779	0	0	84779
AF	0	0.650000	382143	254713	127430	69684	0	0	69684
AF	0	0.750000	321564	218003	103561	49537	0	0	49537
AF	0	0.850000	294189	198129	96060	72094	0	0	72094
AF	0	0.950000	741035	501432	239603	0	0	0	0
