# AF	[2]id	[3]allele frequency	[4]number of SNPs	[5]number of transitions	[6]number of transversions	[7]number of indels	[8]repeat-consistent	[9]repeat-inconsistent	[10]not applicable
AF	0	0.050000	134425	90259	44166	41376	0	0	41376
AF	0	0.150000	24351	16451	7900	9526	0	0	9526
AF	0	0.250000	16828	11412	5416	4466	0	0	4466
AF	0	0.350000	13677	9309	4368	3036	0	0	3036
AF	0	0.450000	10985	7390	3595	2397	0	0	2397
AF	0	0.550000	9962	6845	3117	2083	0	0	2083
AF	0	0.650000	8448	5717	2731	1696	0	0	1696
AF	0	0.750000	7187	4928	2259	1374	0	0	1374
AF	0	0.850000	8537	5797	2740	2024	0	0	2024
AF	0	0.950000	19277	13196	6081	0	0	0	0
