# PSC	[2]id	[3]sample	[4]nRefHom	[5]nNonRefHom	[6]nHets	[7]nTransitions	[8]nTransversions	[9]nIndels	[10]average depth	[11]nSingletons	[12]nHapRef	[13]nHapAlt	[14]nMissing
PSC	0	TIWI_sample100_sg1_humansingle1	4558678	1624023	1602519	2175939	1050603	603808	0.0	0	0	0	37583
PSC	0	TIWI_sample101_sg1_humansingle1	4582662	1643056	1577898	2171995	1048959	586830	0.0	0	0	0	35274
PSC	0	TIWI_sample102_sg1_humansingle1	4580671	1628289	1603521	2178917	1052893	575198	0.0	0	0	0	38446
PSC	0	TIWI_sample103_sg1_humansingle1	4578624	1610955	1623726	2181647	1053034	571930	0.0	0	0	0	41104
PSC	0	TIWI_sample104_sg1_humansingle1	4591802	1618472	1604781	2173903	1049350	579132	0.0	0	0	0	31685
PSC	0	TIWI_sample105_sg1_humansingle1	4604490	1644919	1561178	2162388	1043709	571754	0.0	0	0	0	42918
PSC	0	TIWI_sample106_sg1_humansingle1	4574250	1616349	1617754	2181584	1052519	581144	0.0	0	0	0	35950
PSC	0	TIWI_sample107_sg1_humansingle1	4600233	1630385	1578356	2162778	1045963	580461	0.0	0	0	0	36553
PSC	0	TIWI_sample109_sg1_humansingle1	4572276	1612691	1622414	2182182	1052923	585476	0.0	0	0	0	33102
PSC	0	TIWI_sample10_sg1_humansingle1	4625693	1623280	1575632	2158420	1040492	543522	0.0	0	0	0	57083
PSC	0	TIWI_sample110_sg1_humansingle1	4621275	1646263	1546253	2153266	1039250	575364	0.0	0	0	0	36255
PSC	0	TIWI_sample111_sg1_humansingle1	4589142	1619028	1606421	2175184	1050265	572636	0.0	0	0	0	39148
PSC	0	TIWI_sample112_sg1_humansingle1	4529829	1395224	1890492	2215548	1070168	584648	0.0	0	0	0	26573
PSC	0	TIWI_sample113_sg1_humansingle1	4600961	1608069	1608087	2169563	1046593	556645	0.0	0	0	0	51586
PSC	0	TIWI_sample114_sg1_humansingle1	4543631	1539328	1728975	2204685	1063618	573537	0.0	0	0	0	39642
PSC	0	TIWI_sample115_sg1_humansingle1	4653049	1319916	1868695	2151092	1037519	550051	0.0	0	0	0	34816
PSC	0	TIWI_sample116_sg1_humansingle1	4572275	1590377	1646794	2182970	1054201	577928	0.0	0	0	0	38046
PSC	0	TIWI_sample117_sg1_humansingle1	4619625	1644339	1555176	2158370	1041145	566742	0.0	0	0	0	39821
PSC	0	TIWI_sample118_sg1_humansingle1	4605195	1625217	1582976	2163594	1044599	567088	0.0	0	0	0	45208
PSC	0	TIWI_sample119_sg1_humansingle1	4594306	1624706	1590103	2168263	1046546	573630	0.0	0	0	0	42426
PSC	0	TIWI_sample11_sg1_humansingle1	4616021	1625877	1573411	2158229	1041059	556611	0.0	0	0	0	53087
PSC	0	TIWI_sample120_sg1_humansingle1	4584575	1627884	1597175	2174971	1050088	578104	0.0	0	0	0	37592
PSC	0	TIWI_sample121_sg1_humansingle1	4596898	1478217	1746520	2175121	1049616	567091	0.0	0	0	0	37299
PSC	0	TIWI_sample12_sg1_humansingle1	4587048	1607576	1612489	2172214	1047851	558169	0.0	0	0	0	59834
PSC	0	TIWI_sample13_sg1_humansingle1	4560148	1602258	1650169	2193284	1059143	563895	0.0	0	0	0	47814
PSC	0	TIWI_sample14_sg1_humansingle1	4593686	1637798	1579242	2169866	1047174	559542	0.0	0	0	0	54483
PSC	0	TIWI_sample15_sg1_humansingle1	4602215	1626749	1582018	2164933	1043834	557246	0.0	0	0	0	56353
PSC	0	TIWI_sample16_sg1_humansingle1	4619664	1645969	1547462	2155115	1038316	560712	0.0	0	0	0	50647
PSC	0	TIWI_sample17_sg1_humansingle1	4535953	1548473	1721930	2206297	1064106	564789	0.0	0	0	0	53753
PSC	0	TIWI_sample18_sg1_humansingle1	4583586	1327323	1916978	2189325	1054976	540836	0.0	0	0	0	56386
PSC	0	TIWI_sample19_sg1_humansingle1	4596597	1628656	1583200	2166224	1045632	582974	0.0	0	0	0	34735
PSC	0	TIWI_sample1_sg1_humansingle1	4627176	1645523	1544994	2152637	1037880	558387	0.0	0	0	0	48727
PSC	0	TIWI_sample20_sg1_humansingle1	4608796	1642497	1561852	2160673	1043676	571496	0.0	0	0	0	41461
PSC	0	TIWI_sample21_sg1_humansingle1	4605600	1623861	1584841	2164266	1044436	580063	0.0	0	0	0	31527
PSC	0	TIWI_sample22_sg1_humansingle1	4557712	1597009	1653207	2191777	1058439	582622	0.0	0	0	0	35208
PSC	0	TIWI_sample23_sg1_humansingle1	4568267	1615808	1619706	2181460	1054054	588230	0.0	0	0	0	34123
PSC	0	TIWI_sample24_sg1_humansingle1	4593414	1624933	1594797	2170938	1048792	578479	0.0	0	0	0	34317
PSC	0	TIWI_sample25_sg1_humansingle1	4610005	1644175	1561084	2161417	1043842	572235	0.0	0	0	0	38265
PSC	0	TIWI_sample26_sg1_humansingle1	4597832	1641637	1574512	2169827	1046322	566170	0.0	0	0	0	45495
PSC	0	TIWI_sample27_sg1_humansingle1	4591261	1634522	1584368	2171882	1047008	577401	0.0	0	0	0	38929
PSC	0	TIWI_sample28_sg1_humansingle1	4621918	1654283	1538036	2153159	1039160	575133	0.0	0	0	0	36319
PSC	0	TIWI_sample29_sg1_humansingle1	4579542	1608056	1619577	2178091	1049542	557849	0.0	0	0	0	59583
PSC	0	TIWI_sample2_sg1_humansingle1	4541571	1541272	1735402	2212504	1064170	545508	0.0	0	0	0	61260
PSC	0	TIWI_sample30_sg1_humansingle1	4665259	1705897	1450856	2129832	1026921	560796	0.0	0	0	0	42768
PSC	0	TIWI_sample31_sg1_humansingle1	4658131	1591518	1582300	2141073	1032745	554481	0.0	0	0	0	39853
PSC	0	TIWI_sample32_sg1_humansingle1	4579691	1631514	1594415	2176671	1049258	554267	0.0	0	0	0	64633
PSC	0	TIWI_sample33_sg1_humansingle1	4633550	1647335	1533442	2144916	1035861	552764	0.0	0	0	0	57939
PSC	0	TIWI_sample34_sg1_humansingle1	4627374	1644370	1546665	2152417	1038618	566156	0.0	0	0	0	41137
PSC	0	TIWI_sample35_sg1_humansingle1	4623241	1643789	1551018	2155296	1039511	573449	0.0	0	0	0	34695
PSC	0	TIWI_sample36_sg1_humansingle1	4600328	1616558	1593685	2167252	1042991	543754	0.0	0	0	0	70670
PSC	0	TIWI_sample37_sg1_humansingle1	4560012	1610806	1631637	2188035	1054408	551459	0.0	0	0	0	71091
PSC	0	TIWI_sample38_sg1_humansingle1	4568057	1352042	1907393	2198272	1061163	565653	0.0	0	0	0	33270
PSC	0	TIWI_sample39_sg1_humansingle1	4651792	1668001	1500300	2137550	1030751	559084	0.0	0	0	0	46728
PSC	0	TIWI_sample3_sg1_humansingle1	4544230	1536653	1732360	2205480	1063533	560001	0.0	0	0	0	50805
PSC	0	TIWI_sample40_sg1_humansingle1	4588684	1638872	1586559	2175116	1050315	572130	0.0	0	0	0	39043
PSC	0	TIWI_sample41_sg1_humansingle1	4630450	1645312	1545248	2152539	1038021	547567	0.0	0	0	0	55925
PSC	0	TIWI_sample42_sg1_humansingle1	4617336	1659237	1540889	2158659	1041467	566159	0.0	0	0	0	42286
PSC	0	TIWI_sample43_sg1_humansingle1	4506323	1535812	1762458	2224237	1074033	584482	0.0	0	0	0	36153
PSC	0	TIWI_sample44_sg1_humansingle1	4649660	1667336	1503053	2138496	1031893	566324	0.0	0	0	0	39831
PSC	0	TIWI_sample45_sg1_humansingle1	4752834	1776640	1298686	2073937	1001389	562473	0.0	0	0	0	35656
PSC	0	TIWI_sample46_sg1_humansingle1	4670145	1667174	1484637	2125027	1026784	558870	0.0	0	0	0	45967
PSC	0	TIWI_sample47_sg1_humansingle1	4601857	1652854	1555829	2163130	1045553	583540	0.0	0	0	0	31505
PSC	0	TIWI_sample48_sg1_humansingle1	4599999	1635512	1580807	2170071	1046248	571562	0.0	0	0	0	37451
PSC	0	TIWI_sample49_sg1_humansingle1	4600972	1622634	1596984	2172043	1047575	557196	0.0	0	0	0	48020
PSC	0	TIWI_sample4_sg1_humansingle1	4575614	1612028	1620449	2181175	1051302	554379	0.0	0	0	0	61590
PSC	0	TIWI_sample50_sg1_humansingle1	4642182	1665355	1515324	2144254	1036425	563551	0.0	0	0	0	39444
PSC	0	TIWI_sample51_sg1_humansingle1	4573528	1611207	1627485	2183984	1054708	579426	0.0	0	0	0	33656
PSC	0	TIWI_sample52_sg1_humansingle1	4584967	1620016	1605822	2175803	1050035	573014	0.0	0	0	0	41657
PSC	0	TIWI_sample53_sg1_humansingle1	4630126	1637982	1547807	2149019	1036770	553040	0.0	0	0	0	55842
PSC	0	TIWI_sample54_sg1_humansingle1	4570977	1597979	1642524	2185625	1054878	583973	0.0	0	0	0	29995
PSC	0	TIWI_sample55_sg1_humansingle1	4599751	1614482	1602618	2170697	1046403	559944	0.0	0	0	0	48395
PSC	0	TIWI_sample56_sg1_humansingle1	4632465	1649299	1542234	2152721	1038812	552743	0.0	0	0	0	48421
PSC	0	TIWI_sample57_sg1_humansingle1	4605072	1634795	1573226	2164841	1043180	563492	0.0	0	0	0	47871
PSC	0	TIWI_sample58_sg1_humansingle1	4601257	1638058	1575050	2168364	1044744	579940	0.0	0	0	0	31425
PSC	0	TIWI_sample59_sg1_humansingle1	4586849	1624621	1601906	2176857	1049670	553290	0.0	0	0	0	58034
PSC	0	TIWI_sample5_sg1_humansingle1	4622483	1636358	1562593	2158441	1040510	544487	0.0	0	0	0	58843
PSC	0	TIWI_sample60_sg1_humansingle1	4584675	1613920	1611085	2174565	1050440	575557	0.0	0	0	0	39848
PSC	0	TIWI_sample61_sg1_humansingle1	4633696	1651782	1530837	2146751	1035868	572659	0.0	0	0	0	37924
PSC	0	TIWI_sample62_sg1_humansingle1	4619094	1646102	1552768	2158259	1040611	573398	0.0	0	0	0	34337
PSC	0	TIWI_sample63_sg1_humansingle1	4585047	1615115	1613044	2177220	1050939	573499	0.0	0	0	0	39623
PSC	0	TIWI_sample64_sg1_humansingle1	4607586	1623689	1584394	2161960	1046123	573594	0.0	0	0	0	36976
PSC	0	TIWI_sample65_sg1_humansingle1	4611973	1649886	1553527	2160118	1043295	575023	0.0	0	0	0	35675
PSC	0	TIWI_sample66_sg1_humansingle1	4596611	1630113	1583359	2167318	1046154	582070	0.0	0	0	0	33686
PSC	0	TIWI_sample67_sg1_humansingle1	4609579	1607904	1602440	2167723	1042621	545699	0.0	0	0	0	59281
PSC	0	TIWI_sample68_sg1_humansingle1	4558516	1628887	1622621	2191934	1059574	581381	0.0	0	0	0	34485
PSC	0	TIWI_sample69_sg1_humansingle1	4597493	1640270	1570895	2165568	1045597	580954	0.0	0	0	0	35906
PSC	0	TIWI_sample6_sg1_humansingle1	4620201	1635960	1565500	2160599	1040861	551260	0.0	0	0	0	51608
PSC	0	TIWI_sample70_sg1_humansingle1	4583236	1614005	1614460	2177229	1051236	575330	0.0	0	0	0	38757
PSC	0	TIWI_sample71_sg1_humansingle1	4571241	1499245	1742401	2186037	1055609	569122	0.0	0	0	0	43376
PSC	0	TIWI_sample72_sg1_humansingle1	4593879	1644201	1570295	2167850	1046646	579932	0.0	0	0	0	38227
PSC	0	TIWI_sample73_sg1_humansingle1	4607764	1645178	1556295	2159463	1042010	582160	0.0	0	0	0	33980
PSC	0	TIWI_sample74_sg1_humansingle1	4602703	1620116	1590604	2165098	1045622	577296	0.0	0	0	0	35451
PSC	0	TIWI_sample75_sg1_humansingle1	4596546	1632616	1580893	2167623	1045886	575610	0.0	0	0	0	39598
PSC	0	TIWI_sample76_sg1_humansingle1	4752207	1757683	1326511	2080612	1003582	540949	0.0	0	0	0	47917
PSC	0	TIWI_sample77_sg1_humansingle1	4631082	1638710	1546770	2148902	1036578	564739	0.0	0	0	0	44477
PSC	0	TIWI_sample78_sg1_humansingle1	4603562	1633282	1575827	2164561	1044548	575660	0.0	0	0	0	37824
PSC	0	TIWI_sample79_sg1_humansingle1	4651988	1671372	1499372	2137978	1032766	570541	0.0	0	0	0	32551
PSC	0	TIWI_sample7_sg1_humansingle1	4677504	1684264	1456292	2118859	1021697	542594	0.0	0	0	0	64747
PSC	0	TIWI_sample80_sg1_humansingle1	4585735	1614675	1604169	2170105	1048739	587112	0.0	0	0	0	33554
PSC	0	TIWI_sample81_sg1_humansingle1	4592246	1637226	1580217	2170428	1047015	582937	0.0	0	0	0	33132
PSC	0	TIWI_sample82_sg1_humansingle1	4586948	1631592	1593103	2174602	1050093	582482	0.0	0	0	0	31491
PSC	0	TIWI_sample83_sg1_humansingle1	4567601	1602899	1636324	2184315	1054908	582169	0.0	0	0	0	36524
PSC	0	TIWI_sample84_sg1_humansingle1	4592258	1621235	1599107	2172678	1047664	580255	0.0	0	0	0	32796
PSC	0	TIWI_sample85_sg1_humansingle1	4583642	1606913	1622157	2178516	1050554	569728	0.0	0	0	0	43274
PSC	0	TIWI_sample86_sg1_humansingle1	4615515	1627477	1573630	2159086	1042021	575673	0.0	0	0	0	34039
PSC	0	TIWI_sample87_sg1_humansingle1	4557560	1592700	1658042	2191764	1058978	584325	0.0	0	0	0	32918
PSC	0	TIWI_sample88_sg1_humansingle1	4590674	1637691	1583781	2172889	1048583	572076	0.0	0	0	0	41435
PSC	0	TIWI_sample89_sg1_humansingle1	4658324	1667266	1497631	2134123	1030774	563251	0.0	0	0	0	39262
PSC	0	TIWI_sample8_sg1_humansingle1	4591761	1619036	1605004	2175394	1048646	546756	0.0	0	0	0	62024
PSC	0	TIWI_sample90_sg1_humansingle1	4611556	1639016	1561315	2158943	1041388	553379	0.0	0	0	0	59896
PSC	0	TIWI_sample91_sg1_humansingle1	4760236	1774506	1297424	2071971	999959	561093	0.0	0	0	0	32905
PSC	0	TIWI_sample92_sg1_humansingle1	4613988	1648537	1551344	2158155	1041726	579989	0.0	0	0	0	32513
PSC	0	TIWI_sample93_sg1_humansingle1	4583130	1622689	1608431	2180274	1050846	568030	0.0	0	0	0	43878
PSC	0	TIWI_sample94_sg1_humansingle1	4600636	1630346	1582658	2167858	1045146	574819	0.0	0	0	0	36705
PSC	0	TIWI_sample95_sg1_humansingle1	4583294	1608872	1622987	2179669	1052190	569423	0.0	0	0	0	41661
PSC	0	TIWI_sample96_sg1_humansingle1	4559854	1597018	1652043	2191786	1057275	581334	0.0	0	0	0	35402
PSC	0	TIWI_sample97_sg1_humansingle1	4617355	1621170	1576964	2157636	1040498	565313	0.0	0	0	0	44597
PSC	0	TIWI_sample98_sg1_humansingle1	4544709	1433593	1835664	2205865	1063392	577443	0.0	0	0	0	33725
PSC	0	TIWI_sample99_sg1_humansingle1	4601315	1625459	1581015	2162642	1043832	577794	0.0	0	0	0	40099
PSC	0	TIWI_sample9_sg1_humansingle1	4583176	1610666	1617407	2178031	1050042	566822	0.0	0	0	0	46600
PSC	0	1901	4625642	1603096	1592490	2153269	1042307	581309	0.0	0	0	0	20288
PSC	0	2325	4629267	1606259	1584930	2150887	1040293	581405	0.0	0	0	0	21165
PSC	0	1265	4619229	1609283	1591384	2157251	1043405	581681	0.0	0	0	0	21492
PSC	0	1243	4693383	1647057	1489408	2113992	1022465	571682	0.0	0	0	0	21783
PSC	0	2167	4670694	1630444	1526059	2127879	1028617	574276	0.0	0	0	0	21405
PSC	0	1791	4615730	1582842	1620375	2159036	1044172	582618	0.0	0	0	0	21449
PSC	0	1405	4614876	1614664	1588783	2159902	1043538	583360	0.0	0	0	0	21277
PSC	0	5107	4583325	1574495	1655915	2177335	1053066	588065	0.0	0	0	0	21190
PSC	0	1071	4645628	1622701	1554715	2141030	1036377	578586	0.0	0	0	0	21869
PSC	0	1350	4666999	1632581	1526855	2129313	1030114	574709	0.0	0	0	0	22007
PSC	0	1429	4630195	1614043	1576294	2151387	1038942	580285	0.0	0	0	0	22367
PSC	0	1638	4534401	1507057	1769536	2209486	1067096	590849	0.0	0	0	0	20840
PSC	0	1632	4638073	1610143	1574064	2146636	1037563	577905	0.0	0	0	0	22739
PSC	0	2618	4632768	1625203	1564161	2150434	1038922	580534	0.0	0	0	0	20510
PSC	0	1674	4681198	1649245	1499141	2122045	1026332	570729	0.0	0	0	0	22843
PSC	0	1639	4617150	1609180	1592147	2158120	1043203	581807	0.0	0	0	0	22652
PSC	0	1659	4626575	1604066	1589179	2153529	1039706	579861	0.0	0	0	0	23101
PSC	0	1860	4622314	1603702	1593223	2155859	1041058	577871	0.0	0	0	0	25815
PSC	0	1820	4651644	1634882	1537023	2138841	1033055	575964	0.0	0	0	0	23565
PSC	0	2604	4580795	1526324	1706470	2179712	1053074	586768	0.0	0	0	0	22858
PSC	0	1647	4565451	1525836	1723558	2191297	1058089	585763	0.0	0	0	0	22139
PSC	0	1511	4644780	1609379	1569907	2143898	1035382	577674	0.0	0	0	0	21441
PSC	0	2415	4566544	1514601	1733933	2189459	1059065	589931	0.0	0	0	0	18032
PSC	0	1441	4611923	1585485	1622137	2162380	1045233	582612	0.0	0	0	0	21092
PSC	0	1897	4674590	1640288	1512651	2125480	1027451	574958	0.0	0	0	0	20808
PSC	0	1658	4600784	1574241	1643433	2168870	1048794	582374	0.0	0	0	0	22047
PSC	0	1530	4634608	1619330	1568650	2148712	1039261	577461	0.0	0	0	0	23035
PSC	0	2233	4618161	1611639	1589236	2158435	1042433	581143	0.0	0	0	0	22873
PSC	0	2547	4516703	1391249	1904484	2221118	1074607	591075	0.0	0	0	0	19053
PSC	0	1165	4640337	1617947	1564421	2145850	1036509	577740	0.0	0	0	0	22405
PSC	0	2628	4601569	1583096	1632069	2167002	1048154	585751	0.0	0	0	0	20574
PSC	0	2809	4597238	1578636	1639303	2169825	1048106	584997	0.0	0	0	0	22323
PSC	0	1515	4596599	1595624	1622949	2169534	1049030	586719	0.0	0	0	0	21053
PSC	0	2806	4624541	1603740	1590829	2154110	1040451	580617	0.0	0	0	0	23163
PSC	0	1374	4554995	1509045	1747363	2196444	1059956	590765	0.0	0	0	0	20518
PSC	0	1645	4628880	1602073	1588641	2150080	1040625	581495	0.0	0	0	0	21970
PSC	0	5341	4668153	1627223	1530100	2128875	1028439	576449	0.0	0	0	0	21112
PSC	0	2626	4615109	1615591	1587517	2158641	1044459	579923	0.0	0	0	0	24679
PSC	0	1980	4514116	1310191	1984534	2221204	1073510	592782	0.0	0	0	0	21238
PSC	0	FD03058408	5311070	1542126	1575546	2105865	1011800	0	0.0	0	0	0	9558
PSC	0	FD03058409	5331985	1567651	1529595	2091359	1005880	0	0.0	0	0	0	8864
PSC	0	FD03058416	5306226	1531797	1591311	2108960	1014143	0	0.0	0	0	0	8906
PSC	0	FD03058417	5342422	1564418	1522001	2085098	1001312	0	0.0	0	0	0	9399
PSC	0	FD03058424	5353556	1585178	1490607	2077400	998375	0	0.0	0	0	0	8799
PSC	0	FD03058425	5319942	1570437	1539718	2101540	1008603	0	0.0	0	0	0	7707
PSC	0	FD03058431	5563975	1711834	1153756	1936527	929055	0	0.0	0	0	0	9221
PSC	0	FD03058432	5356149	1593041	1481703	2076340	998398	0	0.0	0	0	0	6810
PSC	0	FD03058439	5383158	1601070	1445416	2058076	988403	0	0.0	0	0	0	8447
PSC	0	FD03058440	5349654	1580750	1499704	2080336	1000113	0	0.0	0	0	0	11520
PSC	0	FD03058441	5335826	1576080	1518865	2090064	1004872	0	0.0	0	0	0	6980
PSC	0	FD03058447	5361783	1584957	1482531	2071499	995980	0	0.0	0	0	0	8715
PSC	0	FD03058448	5279203	1466296	1682223	2126860	1021648	0	0.0	0	0	0	10424
PSC	0	FD03058449	5332172	1570803	1526035	2091146	1005682	0	0.0	0	0	0	9294
PSC	0	FD03058455	5362927	1588286	1477250	2070923	994604	0	0.0	0	0	0	9845
PSC	0	FD03058456	5351124	1582674	1497152	2079577	1000239	0	0.0	0	0	0	10526
PSC	0	FD03058457	5221711	1272634	1936581	2167384	1041823	0	0.0	0	0	0	6197
PSC	0	FD03058463	5380301	1592217	1458381	2060388	990205	0	0.0	0	0	0	7037
PSC	0	FD03058464	5321684	1554666	1554518	2098993	1010183	0	0.0	0	0	0	6862
PSC	0	FD03058465	5379623	1600002	1450836	2060827	990004	0	0.0	0	0	0	7529
PSC	0	FD03058471	5294423	1507146	1626826	2116432	1017531	0	0.0	0	0	0	9884
PSC	0	FD03058472	5255431	1437424	1736665	2144312	1029769	0	0.0	0	0	0	8267
PSC	0	FD03058473	5337703	1575779	1517324	2088183	1004913	0	0.0	0	0	0	6841
PSC	0	FD03058479	5311056	1538494	1581475	2106903	1013056	0	0.0	0	0	0	6128
PSC	0	FD03058480	5360095	1573979	1495773	2073117	996627	0	0.0	0	0	0	8090
PSC	0	FD03058481	5324774	1553168	1551447	2096591	1008016	0	0.0	0	0	0	8561
PSC	0	FD03058487	5333957	1570581	1521170	2088603	1003139	0	0.0	0	0	0	13234
PSC	0	FD03058488	5337559	1567513	1526556	2089116	1004944	0	0.0	0	0	0	5622
PSC	0	FD03058489	4322833	807331	3300549	2775315	1332555	0	0.0	0	0	0	3545
PSC	0	FD03058495	5326626	1556184	1549114	2096548	1008741	0	0.0	0	0	0	5239
PSC	0	FD03058496	5268654	1455526	1707848	2136102	1027262	0	0.0	0	0	0	4776
PSC	0	FD03058497	5349600	1592330	1489765	2082068	1000015	0	0.0	0	0	0	5571
