# PSC	[2]id	[3]sample	[4]nRefHom	[5]nNonRefHom	[6]nHets	[7]nTransitions	[8]nTransversions	[9]nIndels	[10]average depth	[11]nSingletons	[12]nHapRef	[13]nHapAlt	[14]nMissing
PSC	0	TIWI_sample100_sg1_humansingle1	211949	41014	44696	58128	27582	20858	0.0	37	0	0	2531
PSC	0	TIWI_sample101_sg1_humansingle1	214394	43777	41090	57709	27158	19444	0.0	25	0	0	2269
PSC	0	TIWI_sample102_sg1_humansingle1	215861	44558	39824	57323	27059	18321	0.0	31	0	0	2476
PSC	0	TIWI_sample103_sg1_humansingle1	212676	42927	44021	59017	27931	18755	0.0	44	0	0	2592
PSC	0	TIWI_sample104_sg1_humansingle1	215895	43828	40660	57422	27066	18646	0.0	47	0	0	1948
PSC	0	TIWI_sample105_sg1_humansingle1	213644	42134	43741	58233	27642	18696	0.0	24	0	0	2742
PSC	0	TIWI_sample106_sg1_humansingle1	212870	43235	43409	58949	27695	18774	0.0	30	0	0	2757
PSC	0	TIWI_sample107_sg1_humansingle1	214114	42837	42596	58103	27330	19021	0.0	34	0	0	2436
PSC	0	TIWI_sample109_sg1_humansingle1	212302	42204	44991	59305	27890	19313	0.0	107	0	0	2128
PSC	0	TIWI_sample10_sg1_humansingle1	218235	43405	38761	55903	26263	16593	0.0	45	0	0	4009
PSC	0	TIWI_sample110_sg1_humansingle1	213932	42844	43028	58202	27670	18906	0.0	42	0	0	2241
PSC	0	TIWI_sample111_sg1_humansingle1	214825	44251	40932	58013	27170	18459	0.0	25	0	0	2600
PSC	0	TIWI_sample112_sg1_humansingle1	210282	36453	52963	60776	28640	19422	0.0	3023	0	0	1835
PSC	0	TIWI_sample113_sg1_humansingle1	215849	43025	41544	57513	27056	17408	0.0	22	0	0	3202
PSC	0	TIWI_sample114_sg1_humansingle1	211743	39537	48536	59787	28286	18477	0.0	686	0	0	2643
PSC	0	TIWI_sample115_sg1_humansingle1	212557	36356	51482	59667	28171	18283	0.0	3300	0	0	2239
PSC	0	TIWI_sample116_sg1_humansingle1	211619	42227	45617	59741	28103	19038	0.0	108	0	0	2463
PSC	0	TIWI_sample117_sg1_humansingle1	214674	44371	40812	57839	27344	18451	0.0	52	0	0	2676
PSC	0	TIWI_sample118_sg1_humansingle1	215282	43021	41769	57679	27111	18214	0.0	44	0	0	2706
PSC	0	TIWI_sample119_sg1_humansingle1	213006	42731	43828	58883	27676	18619	0.0	63	0	0	2746
PSC	0	TIWI_sample11_sg1_humansingle1	214646	43239	42194	58008	27425	17633	0.0	48	0	0	3342
PSC	0	TIWI_sample120_sg1_humansingle1	213477	43790	42361	58540	27611	18768	0.0	22	0	0	2567
PSC	0	TIWI_sample121_sg1_humansingle1	210439	40456	48686	60562	28580	18939	0.0	2125	0	0	2455
PSC	0	TIWI_sample12_sg1_humansingle1	215032	43353	41327	57556	27124	17569	0.0	46	0	0	3759
PSC	0	TIWI_sample13_sg1_humansingle1	214355	43484	42103	58191	27396	17779	0.0	106	0	0	3208
PSC	0	TIWI_sample14_sg1_humansingle1	214924	43731	41208	57758	27181	17688	0.0	35	0	0	3423
PSC	0	TIWI_sample15_sg1_humansingle1	213777	42667	42974	58141	27500	17805	0.0	60	0	0	3746
PSC	0	TIWI_sample16_sg1_humansingle1	215432	43882	40606	57386	27102	17726	0.0	26	0	0	3309
PSC	0	TIWI_sample17_sg1_humansingle1	209879	40889	48724	60988	28625	18215	0.0	1258	0	0	3238
PSC	0	TIWI_sample18_sg1_humansingle1	209612	35435	54807	61416	28826	17602	0.0	2117	0	0	3439
PSC	0	TIWI_sample19_sg1_humansingle1	215157	43845	40526	57167	27204	19159	0.0	34	0	0	2318
PSC	0	TIWI_sample1_sg1_humansingle1	217548	44981	37878	56325	26534	17468	0.0	35	0	0	3149
PSC	0	TIWI_sample20_sg1_humansingle1	215092	42843	41933	57604	27172	18434	0.0	50	0	0	2678
PSC	0	TIWI_sample21_sg1_humansingle1	213734	42730	43367	58424	27673	19050	0.0	38	0	0	2139
PSC	0	TIWI_sample22_sg1_humansingle1	214320	42204	43272	58078	27398	18894	0.0	55	0	0	2326
PSC	0	TIWI_sample23_sg1_humansingle1	214690	40773	44165	57623	27315	19210	0.0	13	0	0	2201
PSC	0	TIWI_sample24_sg1_humansingle1	216607	43638	39822	56695	26765	18516	0.0	55	0	0	2411
PSC	0	TIWI_sample25_sg1_humansingle1	215437	43750	40900	57532	27118	18424	0.0	48	0	0	2435
PSC	0	TIWI_sample26_sg1_humansingle1	214982	43596	41261	57596	27261	18191	0.0	57	0	0	2977
PSC	0	TIWI_sample27_sg1_humansingle1	216599	43790	39753	56777	26766	18601	0.0	34	0	0	2344
PSC	0	TIWI_sample28_sg1_humansingle1	217182	44005	39145	56524	26626	18425	0.0	49	0	0	2196
PSC	0	TIWI_sample29_sg1_humansingle1	214275	43833	41716	58035	27514	17557	0.0	18	0	0	3649
PSC	0	TIWI_sample2_sg1_humansingle1	212354	41557	46313	60071	27799	17116	0.0	976	0	0	3670
PSC	0	TIWI_sample30_sg1_humansingle1	216815	45019	38604	56912	26711	17836	0.0	30	0	0	2710
PSC	0	TIWI_sample31_sg1_humansingle1	212748	42754	44412	59254	27912	18391	0.0	2564	0	0	2597
PSC	0	TIWI_sample32_sg1_humansingle1	214937	42866	42051	57750	27167	17337	0.0	107	0	0	3807
PSC	0	TIWI_sample33_sg1_humansingle1	215127	44648	40097	57725	27020	17556	0.0	57	0	0	3612
PSC	0	TIWI_sample34_sg1_humansingle1	214239	43241	42572	58295	27518	18407	0.0	37	0	0	2535
PSC	0	TIWI_sample35_sg1_humansingle1	215746	43779	40507	57246	27040	18699	0.0	65	0	0	2278
PSC	0	TIWI_sample36_sg1_humansingle1	216063	42297	42077	57311	27063	16752	0.0	34	0	0	3753
PSC	0	TIWI_sample37_sg1_humansingle1	213994	43483	42002	58142	27343	17190	0.0	41	0	0	4338
PSC	0	TIWI_sample38_sg1_humansingle1	207291	37145	54824	62575	29394	19352	0.0	3755	0	0	2453
PSC	0	TIWI_sample39_sg1_humansingle1	217358	44212	38707	56462	26457	17870	0.0	26	0	0	2901
PSC	0	TIWI_sample3_sg1_humansingle1	210292	39368	50074	60770	28672	17914	0.0	689	0	0	3289
PSC	0	TIWI_sample40_sg1_humansingle1	214424	43740	41819	58091	27468	18563	0.0	26	0	0	2510
PSC	0	TIWI_sample41_sg1_humansingle1	215627	44617	40231	57455	27393	17108	0.0	69	0	0	3409
PSC	0	TIWI_sample42_sg1_humansingle1	216600	45624	37934	56796	26762	18184	0.0	115	0	0	2660
PSC	0	TIWI_sample43_sg1_humansingle1	211461	40691	47633	60118	28206	18853	0.0	408	0	0	2255
PSC	0	TIWI_sample44_sg1_humansingle1	214218	43332	42383	58208	27507	18647	0.0	33	0	0	2431
PSC	0	TIWI_sample45_sg1_humansingle1	221641	47862	31192	53862	25192	18138	0.0	22	0	0	2228
PSC	0	TIWI_sample46_sg1_humansingle1	217413	43936	38865	56366	26435	18068	0.0	32	0	0	2714
PSC	0	TIWI_sample47_sg1_humansingle1	214368	43614	41823	57995	27442	19116	0.0	64	0	0	2041
PSC	0	TIWI_sample48_sg1_humansingle1	213860	42749	43233	58306	27676	18595	0.0	13	0	0	2553
PSC	0	TIWI_sample49_sg1_humansingle1	215750	41142	43715	57640	27217	17613	0.0	75	0	0	2798
PSC	0	TIWI_sample4_sg1_humansingle1	213524	42134	44068	58553	27649	17266	0.0	62	0	0	3942
PSC	0	TIWI_sample50_sg1_humansingle1	216028	43817	40452	57201	27068	18224	0.0	22	0	0	2461
PSC	0	TIWI_sample51_sg1_humansingle1	212112	41822	45882	59638	28066	18829	0.0	36	0	0	2366
PSC	0	TIWI_sample52_sg1_humansingle1	215638	43794	40526	57279	27041	18368	0.0	33	0	0	2669
PSC	0	TIWI_sample53_sg1_humansingle1	215331	45299	39244	57423	27120	17529	0.0	39	0	0	3622
PSC	0	TIWI_sample54_sg1_humansingle1	213049	42951	43763	58993	27721	19109	0.0	537	0	0	2157
PSC	0	TIWI_sample55_sg1_humansingle1	215322	43772	41250	57784	27238	17778	0.0	66	0	0	2840
PSC	0	TIWI_sample56_sg1_humansingle1	214450	42762	43355	58550	27567	17599	0.0	25	0	0	2834
PSC	0	TIWI_sample57_sg1_humansingle1	214537	43975	41263	57855	27383	18031	0.0	61	0	0	3137
PSC	0	TIWI_sample58_sg1_humansingle1	215355	43667	41063	57636	27094	18703	0.0	27	0	0	2170
PSC	0	TIWI_sample59_sg1_humansingle1	214481	43301	42184	58071	27414	17326	0.0	35	0	0	3709
PSC	0	TIWI_sample5_sg1_humansingle1	215965	43208	40638	57165	26681	16958	0.0	36	0	0	4171
PSC	0	TIWI_sample60_sg1_humansingle1	214442	43737	41822	58209	27350	18437	0.0	41	0	0	2596
PSC	0	TIWI_sample61_sg1_humansingle1	215414	42032	42596	57530	27098	18602	0.0	78	0	0	2349
PSC	0	TIWI_sample62_sg1_humansingle1	215538	43930	40776	57506	27200	18485	0.0	20	0	0	2224
PSC	0	TIWI_sample63_sg1_humansingle1	214735	42743	42354	57739	27358	18555	0.0	23	0	0	2591
PSC	0	TIWI_sample64_sg1_humansingle1	214445	44403	41234	58144	27493	18581	0.0	32	0	0	2300
PSC	0	TIWI_sample65_sg1_humansingle1	214950	44500	40382	57814	27068	18830	0.0	43	0	0	2391
PSC	0	TIWI_sample66_sg1_humansingle1	215148	43085	41721	57614	27192	18841	0.0	39	0	0	2172
PSC	0	TIWI_sample67_sg1_humansingle1	215469	42966	41910	57586	27290	16900	0.0	100	0	0	3830
PSC	0	TIWI_sample68_sg1_humansingle1	214029	43150	42705	58207	27648	18782	0.0	74	0	0	2317
PSC	0	TIWI_sample69_sg1_humansingle1	214629	42823	42311	58027	27107	18781	0.0	95	0	0	2387
PSC	0	TIWI_sample6_sg1_humansingle1	215266	42448	42644	57829	27263	17334	0.0	52	0	0	3266
PSC	0	TIWI_sample70_sg1_humansingle1	213616	43172	42897	58473	27596	18735	0.0	44	0	0	2580
PSC	0	TIWI_sample71_sg1_humansingle1	213555	38771	47710	58849	27632	18332	0.0	2184	0	0	2649
PSC	0	TIWI_sample72_sg1_humansingle1	213576	44460	41180	58192	27448	19224	0.0	39	0	0	2565
PSC	0	TIWI_sample73_sg1_humansingle1	217149	43939	38966	56502	26403	18624	0.0	44	0	0	2304
PSC	0	TIWI_sample74_sg1_humansingle1	214013	43770	42010	58289	27491	18815	0.0	70	0	0	2440
PSC	0	TIWI_sample75_sg1_humansingle1	214425	43063	42358	58102	27319	18626	0.0	16	0	0	2484
PSC	0	TIWI_sample76_sg1_humansingle1	220629	48439	31956	54739	25656	16905	0.0	23	0	0	3091
PSC	0	TIWI_sample77_sg1_humansingle1	216312	43256	40675	57064	26867	18082	0.0	33	0	0	2673
PSC	0	TIWI_sample78_sg1_humansingle1	213770	41822	44162	58430	27554	18944	0.0	46	0	0	2255
PSC	0	TIWI_sample79_sg1_humansingle1	216224	44236	39787	57128	26895	18634	0.0	27	0	0	2108
PSC	0	TIWI_sample7_sg1_humansingle1	217658	45970	36411	56015	26366	17163	0.0	55	0	0	3752
PSC	0	TIWI_sample80_sg1_humansingle1	213824	42215	43523	58229	27509	19215	0.0	13	0	0	2222
PSC	0	TIWI_sample81_sg1_humansingle1	213886	42933	42857	58164	27626	19198	0.0	39	0	0	2096
PSC	0	TIWI_sample82_sg1_humansingle1	213168	42714	43426	58622	27518	19041	0.0	29	0	0	2624
PSC	0	TIWI_sample83_sg1_humansingle1	213630	43037	42688	58282	27443	18865	0.0	114	0	0	2750
PSC	0	TIWI_sample84_sg1_humansingle1	215743	41892	42161	57215	26838	18539	0.0	36	0	0	2669
PSC	0	TIWI_sample85_sg1_humansingle1	213971	43095	43131	58537	27689	18222	0.0	13	0	0	2639
PSC	0	TIWI_sample86_sg1_humansingle1	215001	43134	41908	57839	27203	18887	0.0	32	0	0	2006
PSC	0	TIWI_sample87_sg1_humansingle1	213501	42780	43034	58302	27512	18938	0.0	36	0	0	2671
PSC	0	TIWI_sample88_sg1_humansingle1	214901	45421	39475	57731	27165	18492	0.0	44	0	0	2665
PSC	0	TIWI_sample89_sg1_humansingle1	218650	44566	37067	55523	26110	17730	0.0	26	0	0	3038
PSC	0	TIWI_sample8_sg1_humansingle1	214592	43319	42110	58059	27370	17087	0.0	39	0	0	3825
PSC	0	TIWI_sample90_sg1_humansingle1	213821	42457	43352	58447	27362	17903	0.0	35	0	0	3477
PSC	0	TIWI_sample91_sg1_humansingle1	219514	46628	34430	55116	25942	18235	0.0	24	0	0	2196
PSC	0	TIWI_sample92_sg1_humansingle1	214524	42138	43251	58110	27279	18936	0.0	49	0	0	2139
PSC	0	TIWI_sample93_sg1_humansingle1	213632	43400	42862	58686	27576	18352	0.0	43	0	0	2763
PSC	0	TIWI_sample94_sg1_humansingle1	216664	44328	39322	57017	26633	18160	0.0	72	0	0	2482
PSC	0	TIWI_sample95_sg1_humansingle1	213587	41480	45176	58774	27882	18283	0.0	47	0	0	2521
PSC	0	TIWI_sample96_sg1_humansingle1	212366	43741	43408	59170	27979	19028	0.0	235	0	0	2431
PSC	0	TIWI_sample97_sg1_humansingle1	214832	43025	42142	58017	27150	18041	0.0	23	0	0	2969
PSC	0	TIWI_sample98_sg1_humansingle1	210586	37138	51806	60477	28467	19111	0.0	2528	0	0	2270
PSC	0	TIWI_sample99_sg1_humansingle1	214814	42553	42251	57637	27167	18818	0.0	30	0	0	2568
PSC	0	TIWI_sample9_sg1_humansingle1	214584	43582	41833	57985	27430	18052	0.0	120	0	0	2961
PSC	0	1901	222744	40766	38559	54065	25260	17612	0.0	43	0	0	942
PSC	0	2325	221428	39707	40716	54838	25585	17856	0.0	38	0	0	911
PSC	0	1265	221566	39865	40306	54695	25476	17979	0.0	70	0	0	955
PSC	0	1243	222743	42046	36916	53904	25058	17770	0.0	55	0	0	1050
PSC	0	2167	224156	41833	36240	53194	24879	17388	0.0	35	0	0	1028
PSC	0	1791	220859	39837	41076	55160	25753	17924	0.0	21	0	0	935
PSC	0	1405	221106	40794	39685	54823	25656	18051	0.0	48	0	0	959
PSC	0	5107	218886	39414	43257	56356	26315	18183	0.0	47	0	0	907
PSC	0	1071	223242	40695	38239	53723	25211	17712	0.0	53	0	0	791
PSC	0	1350	223014	41650	37378	53941	25087	17630	0.0	41	0	0	984
PSC	0	1429	221546	42441	37755	54792	25404	17893	0.0	74	0	0	1026
PSC	0	1638	219816	37975	43722	55746	25951	18153	0.0	215	0	0	918
PSC	0	1632	221815	40495	39645	54485	25655	17736	0.0	119	0	0	961
PSC	0	2618	220991	40036	40737	55099	25674	18014	0.0	54	0	0	889
PSC	0	1674	221776	40998	38922	54525	25395	17906	0.0	85	0	0	1030
PSC	0	1639	221281	41072	39309	54745	25636	17907	0.0	42	0	0	996
PSC	0	1659	221318	42032	38358	54942	25448	17877	0.0	81	0	0	1066
PSC	0	1860	222058	39692	39965	54301	25356	17696	0.0	44	0	0	1242
PSC	0	1820	222723	41919	37208	53906	25221	17662	0.0	44	0	0	1059
PSC	0	2604	220157	38676	42614	55318	25972	18192	0.0	1467	0	0	943
PSC	0	1647	218623	37790	45042	56439	26393	18224	0.0	261	0	0	909
PSC	0	1511	223352	42207	36428	53693	24942	17565	0.0	92	0	0	1053
PSC	0	2415	218189	37503	45447	56553	26397	18574	0.0	1369	0	0	868
PSC	0	1441	223160	41684	37209	53848	25045	17607	0.0	87	0	0	1050
PSC	0	1897	223481	41785	36871	53618	25038	17656	0.0	51	0	0	834
PSC	0	1658	219420	39254	42591	55713	26132	18355	0.0	199	0	0	964
PSC	0	1530	223390	41477	37179	53614	25042	17494	0.0	35	0	0	1087
PSC	0	2233	220855	41546	39135	54916	25765	17900	0.0	32	0	0	1210
PSC	0	2547	217054	35816	48126	57225	26717	18624	0.0	1688	0	0	922
PSC	0	1165	222133	41029	38688	54455	25262	17740	0.0	44	0	0	1026
PSC	0	2628	223088	40699	38233	53814	25118	17669	0.0	40	0	0	936
PSC	0	2809	221217	40272	40125	54867	25530	18032	0.0	90	0	0	1048
PSC	0	1515	221949	41098	38599	54360	25337	17986	0.0	81	0	0	988
PSC	0	2806	221761	40304	39610	54397	25517	17903	0.0	25	0	0	1010
PSC	0	1374	217679	39195	44111	56879	26427	18683	0.0	1385	0	0	867
PSC	0	1645	222599	41975	37204	53985	25194	17815	0.0	91	0	0	1006
PSC	0	5341	221849	41028	39047	54536	25539	17832	0.0	24	0	0	922
PSC	0	2626	221364	40733	39654	54851	25536	17809	0.0	39	0	0	1047
PSC	0	1980	213513	32459	54293	59222	27530	19295	0.0	3726	0	0	1027
PSC	0	FD03058408	243504	40115	37589	53126	24578	0	0.0	24	0	0	338
PSC	0	FD03058409	242957	40901	37267	53341	24827	0	0.0	23	0	0	399
PSC	0	FD03058416	242065	38779	40233	53935	25077	0	0.0	21	0	0	443
PSC	0	FD03058417	242579	40096	38495	53567	25024	0	0.0	17	0	0	378
PSC	0	FD03058424	243346	40348	37479	53172	24655	0	0.0	16	0	0	371
PSC	0	FD03058425	243156	40032	37894	53269	24657	0	0.0	67	0	0	414
PSC	0	FD03058431	246884	43479	30750	50816	23413	0	0.0	1989	0	0	414
PSC	0	FD03058432	244215	42210	34765	52517	24458	0	0.0	16	0	0	312
PSC	0	FD03058439	245081	39956	36189	51976	24169	0	0.0	68	0	0	336
PSC	0	FD03058440	243500	40602	37031	53004	24629	0	0.0	56	0	0	509
PSC	0	FD03058441	243133	39573	38524	53231	24866	0	0.0	12	0	0	276
PSC	0	FD03058447	242274	39066	39818	53820	25064	0	0.0	24	0	0	364
PSC	0	FD03058448	239637	37096	44323	55534	25885	0	0.0	456	0	0	463
PSC	0	FD03058449	243235	40795	37097	53236	24656	0	0.0	18	0	0	398
PSC	0	FD03058455	243642	40617	36881	52978	24520	0	0.0	20	0	0	403
PSC	0	FD03058456	243845	39947	37370	52765	24552	0	0.0	15	0	0	478
PSC	0	FD03058457	237890	32727	50564	56906	26385	0	0.0	3137	0	0	295
PSC	0	FD03058463	243394	40006	37827	53158	24675	0	0.0	68	0	0	272
PSC	0	FD03058464	241832	39610	39743	54074	25279	0	0.0	45	0	0	327
PSC	0	FD03058465	242756	40912	37563	53538	24937	0	0.0	38	0	0	288
PSC	0	FD03058471	241131	38524	41451	54608	25367	0	0.0	359	0	0	446
PSC	0	FD03058472	239151	36577	45459	56033	26003	0	0.0	626	0	0	339
PSC	0	FD03058473	244574	40567	36075	52343	24299	0	0.0	19	0	0	316
PSC	0	FD03058479	244312	39146	37671	52426	24391	0	0.0	14	0	0	381
PSC	0	FD03058480	242803	39391	39001	53537	24855	0	0.0	21	0	0	339
PSC	0	FD03058481	242728	39329	39079	53486	24922	0	0.0	41	0	0	392
PSC	0	FD03058487	242804	39385	38906	53395	24896	0	0.0	24	0	0	468
PSC	0	FD03058488	243056	42366	35806	53343	24829	0	0.0	80	0	0	264
PSC	0	FD03058489	211776	19853	89548	74844	34557	0	0.0	4123	0	0	188
PSC	0	FD03058495	242363	39873	38978	53790	25061	0	0.0	10	0	0	279
PSC	0	FD03058496	241067	37338	42886	54794	25430	0	0.0	646	0	0	199
PSC	0	FD03058497	244681	40882	35695	52281	24296	0	0.0	23	0	0	241
